0 1
0 115
0 117
0 2
0 3
0 4
1 13
1 14
1 2
1 4
1 5
10 11
10 12
10 120
100 101
100 105
100 106
1000 1001
1000 1002
1000 1044
1000 1045
1001 1002
1001 1003
1001 1014
1001 1015
1002 1003
1002 1004
1002 1045
1002 1046
1003 1004
1003 1015
1003 1046
1003 1047
1005 1006
1005 1016
1005 1017
1005 1038
1005 1048
1006 1007
1006 1017
1006 1018
1007 1008
1007 1018
1007 1019
1008 1009
1008 1019
1008 1020
1009 1010
1009 1020
1009 1021
101 102
101 106
101 107
1010 1011
1010 1021
1010 1022
1011 1012
1011 1022
1011 1023
1012 1013
1012 1023
1012 1024
1013 1014
1013 1024
1013 1025
1014 1015
1014 1025
1014 1026
1015 1026
1015 1047
1015 1056
1015 1065
1016 1017
1016 1027
1016 1028
1016 1048
1016 1057
1017 1018
1017 1028
1017 1029
1018 1019
1018 1029
1018 1030
1019 1020
1019 1030
1019 1031
102 107
102 108
1020 1021
1020 1031
1020 1032
1021 1022
1021 1032
1021 1033
1022 1023
1022 1033
1022 1034
1023 1024
1023 1034
1023 1035
1024 1025
1024 1035
1024 1036
1025 1026
1025 1036
1025 1037
1026 1037
1026 1065
1026 1074
1027 1028
1027 1057
1027 1066
1028 1029
1029 1030
103 104
103 105
103 109
103 110
1030 1031
1031 1032
1032 1033
1033 1034
1034 1035
1035 1036
1036 1037
1037 1074
1038 1039
1038 1048
1039 1040
1039 1048
1039 1049
104 110
104 830
104 833
1040 1041
1040 1049
1040 1050
1041 1042
1041 1050
1041 1051
1042 1043
1042 1051
1042 1052
1043 1044
1043 1052
1043 1053
1044 1045
1044 1053
1044 1054
1045 1046
1045 1054
1045 1055
1046 1047
1046 1055
1046 1056
1047 1056
1048 1049
1048 1057
1049 1050
1049 1057
1049 1058
105 106
105 109
105 111
1050 1051
1050 1058
1050 1059
1051 1052
1051 1059
1051 1060
1052 1053
1052 1060
1052 1061
1053 1054
1053 1061
1053 1062
1054 1055
1054 1062
1054 1063
1055 1056
1055 1063
1055 1064
1056 1064
1056 1065
1057 1058
1057 1066
1058 1059
1058 1066
1058 1067
1059 1060
1059 1067
1059 1068
106 107
106 111
106 112
1060 1061
1060 1068
1060 1069
1061 1062
1061 1069
1061 1070
1062 1063
1062 1070
1062 1071
1063 1064
1063 1071
1063 1072
1064 1065
1064 1072
1064 1073
1065 1073
1065 1074
1066 1067
1067 1068
1068 1069
1069 1070
107 108
107 112
107 113
1070 1071
1071 1072
1072 1073
1073 1074
1075 1076
1075 1077
1075 1096
1075 1097
1075 1217
1076 1077
1076 1078
1076 1097
1076 1098
1077 1078
1077 1079
1077 1217
1078 1079
1078 1080
1078 1098
1078 1099
1079 1080
1079 1081
1079 1217
1079 1218
108 113
108 114
1080 1081
1080 1082
1080 1099
1080 1100
1081 1082
1081 1083
1081 1218
1081 1219
1082 1083
1082 1084
1082 1100
1082 1101
1083 1084
1083 1085
1083 1219
1083 1220
1084 1085
1084 1086
1084 1101
1084 1102
1085 1086
1085 1087
1085 1220
1085 1221
1086 1087
1086 1088
1086 1102
1086 1103
1087 1088
1087 1089
1087 1221
1087 1222
1088 1089
1088 1090
1088 1103
1088 1104
1089 1090
1089 1091
1089 1222
1089 1223
109 110
109 111
109 115
109 116
1090 1091
1090 1092
1090 1104
1090 1105
1091 1092
1091 1093
1091 1223
1091 1224
1092 1093
1092 1094
1092 1105
1092 1106
1093 1094
1093 1095
1093 1224
1093 1225
1094 1095
1094 1106
1095 1225
1095 1226
1096 1097
1096 1107
1096 1108
1096 1217
1096 1227
1097 1098
1097 1108
1097 1109
1098 1099
1098 1109
1098 1110
1099 1100
1099 1110
1099 1111
11 12
11 17
11 18
110 116
110 833
110 836
1100 1101
1100 1111
1100 1112
1101 1102
1101 1112
1101 1113
1102 1103
1102 1113
1102 1114
1103 1104
1103 1114
1103 1115
1104 1105
1104 1115
1104 1116
1105 1106
1105 1116
1105 1117
1106 1117
1107 1108
1107 1118
1107 1119
1107 1227
1107 1237
1108 1109
1108 1119
1108 1120
1109 1110
1109 1120
1109 1121
111 112
111 115
111 117
1110 1111
1110 1121
1110 1122
1111 1112
1111 1122
1111 1123
1112 1113
1112 1123
1112 1124
1113 1114
1113 1124
1113 1125
1114 1115
1114 1125
1114 1126
1115 1116
1115 1126
1115 1127
1116 1117
1116 1127
1116 1128
1117 1128
1118 1119
1118 1129
1118 1130
1118 1237
1118 1247
1119 1120
1119 1130
1119 1131
112 113
112 117
112 118
1120 1121
1120 1131
1120 1132
1121 1122
1121 1132
1121 1133
1122 1123
1122 1133
1122 1134
1123 1124
1123 1134
1123 1135
1124 1125
1124 1135
1124 1136
1125 1126
1125 1136
1125 1137
1126 1127
1126 1137
1126 1138
1127 1128
1127 1138
1127 1139
1128 1139
1128 1246
1128 1255
1128 1264
1128 1265
1129 1130
1129 1140
1129 1141
1129 1247
1129 1256
113 114
113 118
113 119
1130 1131
1130 1141
1130 1142
1131 1132
1131 1142
1131 1143
1132 1133
1132 1143
1132 1144
1133 1134
1133 1144
1133 1145
1134 1135
1134 1145
1134 1146
1135 1136
1135 1146
1135 1147
1136 1137
1136 1147
1136 1148
1137 1138
1137 1148
1137 1149
1138 1139
1138 1149
1138 1150
1139 1150
114 119
114 120
1140 1141
1140 1151
1140 1152
1140 1256
1140 1266
1141 1142
1141 1152
1141 1153
1142 1143
1142 1153
1142 1154
1143 1144
1143 1154
1143 1155
1144 1145
1144 1155
1144 1156
1145 1146
1145 1156
1145 1157
1146 1147
1146 1157
1146 1158
1147 1148
1147 1158
1147 1159
1148 1149
1148 1159
1148 1160
1149 1150
1149 1160
1149 1161
115 116
115 117
1150 1161
1151 1152
1151 1162
1151 1163
1151 1266
1151 1276
1152 1153
1152 1163
1152 1164
1153 1154
1153 1164
1153 1165
1154 1155
1154 1165
1154 1166
1155 1156
1155 1166
1155 1167
1156 1157
1156 1167
1156 1168
1157 1158
1157 1168
1157 1169
1158 1159
1158 1169
1158 1170
1159 1160
1159 1170
1159 1171
116 229
116 836
1160 1161
1160 1171
1160 1172
1161 1172
1162 1163
1162 1173
1162 1174
1162 1276
1162 1286
1163 1164
1163 1174
1163 1175
1164 1165
1164 1175
1164 1176
1165 1166
1165 1176
1165 1177
1166 1167
1166 1177
1166 1178
1167 1168
1167 1178
1167 1179
1168 1169
1168 1179
1168 1180
1169 1170
1169 1180
1169 1181
117 118
1170 1171
1170 1181
1170 1182
1171 1172
1171 1182
1171 1183
1172 1183
1173 1174
1173 1184
1173 1185
1173 1286
1173 1296
1174 1175
1174 1185
1174 1186
1175 1176
1175 1186
1175 1187
1176 1177
1176 1187
1176 1188
1177 1178
1177 1188
1177 1189
1178 1179
1178 1189
1178 1190
1179 1180
1179 1190
1179 1191
118 119
1180 1181
1180 1191
1180 1192
1181 1182
1181 1192
1181 1193
1182 1183
1182 1193
1182 1194
1183 1194
1184 1185
1184 1195
1184 1196
1184 1296
1184 1306
1185 1186
1185 1196
1185 1197
1186 1187
1186 1197
1186 1198
1187 1188
1187 1198
1187 1199
1188 1189
1188 1199
1188 1200
1189 1190
1189 1200
1189 1201
119 120
1190 1191
1190 1201
1190 1202
1191 1192
1191 1202
1191 1203
1192 1193
1192 1203
1192 1204
1193 1194
1193 1204
1193 1205
1194 1205
1195 1196
1195 1206
1195 1207
1195 1306
1195 1316
1196 1197
1196 1207
1196 1208
1197 1198
1197 1208
1197 1209
1198 1199
1198 1209
1198 1210
1199 1200
1199 1210
1199 1211
12 102
12 108
12 114
12 120
12 18
12 24
12 30
12 36
12 42
12 48
12 54
12 60
12 66
12 72
12 78
12 84
12 90
12 96
1200 1201
1200 1211
1200 1212
1201 1202
1201 1212
1201 1213
1202 1203
1202 1213
1202 1214
1203 1204
1203 1214
1203 1215
1204 1205
1204 1215
1204 1216
1205 1216
1206 1207
1206 1316
1206 1326
1207 1208
1208 1209
1209 1210
121 122
121 123
121 124
121 125
121 749
121 750
1210 1211
1211 1212
1212 1213
1213 1214
1214 1215
1215 1216
1216 1325
1216 1334
1217 1218
1217 1227
1218 1219
1218 1227
1218 1228
1219 1220
1219 1228
1219 1229
122 123
122 125
122 126
122 135
122 136
1220 1221
1220 1229
1220 1230
1221 1222
1221 1230
1221 1231
1222 1223
1222 1231
1222 1232
1223 1224
1223 1232
1223 1233
1224 1225
1224 1233
1224 1234
1225 1226
1225 1234
1225 1235
1226 1235
1226 1236
1227 1228
1227 1237
1228 1229
1228 1237
1228 1238
1229 1230
1229 1238
1229 1239
123 124
123 136
123 323
123 325
1230 1231
1230 1239
1230 1240
1231 1232
1231 1240
1231 1241
1232 1233
1232 1241
1232 1242
1233 1234
1233 1242
1233 1243
1234 1235
1234 1243
1234 1244
1235 1236
1235 1244
1235 1245
1236 1245
1236 1246
1237 1238
1237 1247
1238 1239
1238 1247
1238 1248
1239 1240
1239 1248
1239 1249
124 322
124 323
124 748
124 749
1240 1241
1240 1249
1240 1250
1241 1242
1241 1250
1241 1251
1242 1243
1242 1251
1242 1252
1243 1244
1243 1252
1243 1253
1244 1245
1244 1253
1244 1254
1245 1246
1245 1254
1245 1255
1246 1255
1247 1248
1247 1256
1248 1249
1248 1256
1248 1257
1249 1250
1249 1257
1249 1258
125 126
125 127
125 750
125 751
1250 1251
1250 1258
1250 1259
1251 1252
1251 1259
1251 1260
1252 1253
1252 1260
1252 1261
1253 1254
1253 1261
1253 1262
1254 1255
1254 1262
1254 1263
1255 1263
1255 1264
1256 1257
1256 1266
1257 1258
1257 1266
1257 1267
1258 1259
1258 1267
1258 1268
1259 1260
1259 1268
1259 1269
126 127
126 128
126 135
126 137
1260 1261
1260 1269
1260 1270
1261 1262
1261 1270
1261 1271
1262 1263
1262 1271
1262 1272
1263 1264
1263 1272
1263 1273
1264 1265
1264 1273
1264 1274
1265 1274
1265 1275
1266 1267
1266 1276
1267 1268
1267 1276
1267 1277
1268 1269
1268 1277
1268 1278
1269 1270
1269 1278
1269 1279
127 128
127 129
127 751
127 752
1270 1271
1270 1279
1270 1280
1271 1272
1271 1280
1271 1281
1272 1273
1272 1281
1272 1282
1273 1274
1273 1282
1273 1283
1274 1275
1274 1283
1274 1284
1275 1284
1275 1285
1276 1277
1276 1286
1277 1278
1277 1286
1277 1287
1278 1279
1278 1287
1278 1288
1279 1280
1279 1288
1279 1289
128 129
128 130
128 137
128 138
1280 1281
1280 1289
1280 1290
1281 1282
1281 1290
1281 1291
1282 1283
1282 1291
1282 1292
1283 1284
1283 1292
1283 1293
1284 1285
1284 1293
1284 1294
1285 1294
1285 1295
1286 1287
1286 1296
1287 1288
1287 1296
1287 1297
1288 1289
1288 1297
1288 1298
1289 1290
1289 1298
1289 1299
129 130
129 131
129 752
129 753
1290 1291
1290 1299
1290 1300
1291 1292
1291 1300
1291 1301
1292 1293
1292 1301
1292 1302
1293 1294
1293 1302
1293 1303
1294 1295
1294 1303
1294 1304
1295 1304
1295 1305
1296 1297
1296 1306
1297 1298
1297 1306
1297 1307
1298 1299
1298 1307
1298 1308
1299 1300
1299 1308
1299 1309
13 14
13 15
13 19
13 20
130 131
130 132
130 138
130 139
1300 1301
1300 1309
1300 1310
1301 1302
1301 1310
1301 1311
1302 1303
1302 1311
1302 1312
1303 1304
1303 1312
1303 1313
1304 1305
1304 1313
1304 1314
1305 1314
1305 1315
1306 1307
1306 1316
1307 1308
1307 1316
1307 1317
1308 1309
1308 1317
1308 1318
1309 1310
1309 1318
1309 1319
131 132
131 133
131 753
131 754
1310 1311
1310 1319
1310 1320
1311 1312
1311 1320
1311 1321
1312 1313
1312 1321
1312 1322
1313 1314
1313 1322
1313 1323
1314 1315
1314 1323
1314 1324
1315 1324
1315 1325
1316 1317
1316 1326
1317 1318
1317 1326
1317 1327
1318 1319
1318 1327
1318 1328
1319 1320
1319 1328
1319 1329
132 133
132 134
132 139
132 140
1320 1321
1320 1329
1320 1330
1321 1322
1321 1330
1321 1331
1322 1323
1322 1331
1322 1332
1323 1324
1323 1332
1323 1333
1324 1325
1324 1333
1324 1334
1325 1334
1326 1327
1327 1328
1328 1329
1329 1330
133 134
133 754
1330 1331
1331 1332
1332 1333
1333 1334
134 140
134 141
135 136
135 137
135 142
135 143
136 143
136 325
136 327
137 138
137 142
137 144
138 139
138 144
138 145
139 140
139 145
139 146
14 20
14 220
14 223
140 141
140 146
140 147
141 147
141 148
142 143
142 144
142 149
142 150
143 150
143 327
143 329
144 145
144 149
144 151
145 146
145 151
145 152
146 147
146 152
146 153
147 148
147 153
147 154
148 154
148 155
149 150
149 151
149 156
149 157
15 16
15 19
15 21
150 157
150 329
150 331
151 152
151 156
151 158
152 153
152 158
152 159
153 154
153 159
153 160
154 155
154 160
154 161
155 161
155 162
156 157
156 158
156 163
156 164
157 164
157 331
157 333
158 159
158 163
158 165
159 160
159 165
159 166
16 17
16 21
16 22
160 161
160 166
160 167
161 162
161 167
161 168
162 168
162 169
163 164
163 165
163 170
163 171
164 171
164 333
164 335
165 166
165 170
165 172
166 167
166 172
166 173
167 168
167 173
167 174
168 169
168 174
168 175
169 175
169 176
17 18
17 22
17 23
170 171
170 172
170 177
170 178
171 178
171 335
171 337
172 173
172 177
172 179
173 174
173 179
173 180
174 175
174 180
174 181
175 176
175 181
175 182
176 182
176 183
177 178
177 179
177 184
177 185
178 185
178 337
178 339
179 180
179 184
179 186
18 23
18 24
180 181
180 186
180 187
181 182
181 187
181 188
182 183
182 188
182 189
183 189
183 190
184 185
184 186
184 191
184 192
185 192
185 339
185 341
186 187
186 191
186 193
187 188
187 193
187 194
188 189
188 194
188 195
189 190
189 195
189 196
19 20
19 21
19 25
19 26
190 196
190 197
191 192
191 193
191 804
191 805
192 341
192 804
192 928
193 194
193 805
193 806
194 195
194 806
194 807
195 196
195 807
195 808
196 197
196 808
196 809
197 809
197 810
198 199
198 200
198 201
198 812
198 813
199 200
199 201
199 202
199 205
2 14
2 223
2 226
2 3
20 217
20 220
20 26
201 202
201 203
201 813
201 814
202 203
202 204
202 205
202 206
203 204
203 298
203 814
203 893
204 206
204 207
204 298
204 299
205 206
205 208
206 207
206 208
206 209
207 209
207 210
207 299
207 302
208 209
208 211
209 210
209 211
209 212
21 22
21 25
21 27
210 212
210 213
210 302
210 304
211 212
211 214
212 213
212 214
212 215
213 215
213 216
213 304
213 306
214 215
214 217
215 216
215 217
215 218
216 218
216 219
216 306
216 308
217 218
217 220
218 219
218 220
218 221
219 221
219 222
219 308
219 310
22 23
22 27
22 28
220 221
220 223
221 222
221 223
221 224
222 224
222 225
222 310
222 312
223 224
223 226
224 225
224 226
224 227
225 227
225 228
225 312
225 314
226 227
226 229
227 228
227 229
227 230
228 230
228 231
228 314
228 316
229 230
229 836
23 24
23 28
23 29
230 231
230 836
230 837
231 316
231 318
231 837
231 838
232 233
232 234
232 235
232 236
232 840
232 841
233 234
233 236
233 237
233 244
233 245
234 235
234 245
234 301
234 303
235 300
235 301
235 839
235 840
236 237
236 238
236 841
236 842
237 238
237 239
237 244
237 246
238 239
238 240
238 842
238 843
239 240
239 241
239 246
239 247
24 29
24 30
240 241
240 242
240 843
240 844
241 242
241 243
241 247
241 248
242 243
242 320
242 844
242 911
243 248
243 249
243 320
243 321
244 245
244 246
244 250
244 251
245 251
245 303
245 305
246 247
246 250
246 252
247 248
247 252
247 253
248 249
248 253
248 254
249 254
249 255
249 321
249 324
25 26
25 27
25 31
25 32
250 251
250 252
250 256
250 257
251 257
251 305
251 307
252 253
252 256
252 258
253 254
253 258
253 259
254 255
254 259
254 260
255 260
255 261
255 324
255 326
256 257
256 258
256 262
256 263
257 263
257 307
257 309
258 259
258 262
258 264
259 260
259 264
259 265
26 214
26 217
26 32
260 261
260 265
260 266
261 266
261 267
261 326
261 328
262 263
262 264
262 268
262 269
263 269
263 309
263 311
264 265
264 268
264 270
265 266
265 270
265 271
266 267
266 271
266 272
267 272
267 273
267 328
267 330
268 269
268 270
268 274
268 275
269 275
269 311
269 313
27 28
27 31
27 33
270 271
270 274
270 276
271 272
271 276
271 277
272 273
272 277
272 278
273 278
273 279
273 330
273 332
274 275
274 276
274 280
274 281
275 281
275 313
275 315
276 277
276 280
276 282
277 278
277 282
277 283
278 279
278 283
278 284
279 284
279 285
279 332
279 334
28 29
28 33
28 34
280 281
280 282
280 286
280 287
281 287
281 315
281 317
282 283
282 286
282 288
283 284
283 288
283 289
284 285
284 289
284 290
285 290
285 291
285 334
285 336
286 287
286 288
286 292
286 293
287 293
287 317
287 319
288 289
288 292
288 294
289 290
289 294
289 295
29 30
29 34
29 35
290 291
290 295
290 296
291 296
291 297
291 336
291 338
292 293
292 294
292 887
292 888
293 319
293 887
293 910
294 295
294 888
294 889
295 296
295 889
295 890
296 297
296 890
296 891
297 338
297 340
297 891
297 892
298 299
298 300
298 893
298 894
299 300
299 301
299 302
3 115
3 116
3 226
3 229
30 35
30 36
300 301
300 839
300 894
301 302
301 303
302 303
302 304
303 304
303 305
304 305
304 306
305 306
305 307
306 307
306 308
307 308
307 309
308 309
308 310
309 310
309 311
31 32
31 33
31 37
31 38
310 311
310 312
311 312
311 313
312 313
312 314
313 314
313 315
314 315
314 316
315 316
315 317
316 317
316 318
317 318
317 319
318 319
318 838
318 909
319 909
319 910
32 211
32 214
32 38
320 321
320 322
320 911
320 912
321 322
321 323
321 324
322 323
322 748
322 912
323 324
323 325
324 325
324 326
325 326
325 327
326 327
326 328
327 328
327 329
328 329
328 330
329 330
329 331
33 34
33 37
33 39
330 331
330 332
331 332
331 333
332 333
332 334
333 334
333 335
334 335
334 336
335 336
335 337
336 337
336 338
337 338
337 339
338 339
338 340
339 340
339 341
34 35
34 39
34 40
340 341
340 892
340 927
341 927
341 928
342 343
342 344
342 345
343 344
343 364
343 365
344 345
344 346
344 365
344 366
345 346
345 347
346 347
346 348
346 366
346 367
347 348
347 349
348 349
348 350
348 367
348 368
349 350
349 351
35 36
35 40
35 41
350 351
350 352
350 368
350 369
351 352
351 353
352 353
352 354
352 369
352 370
353 354
353 355
354 355
354 356
354 370
354 371
355 356
355 357
356 357
356 358
356 371
356 372
357 358
357 359
358 359
358 360
358 372
358 373
359 360
359 361
36 41
36 42
360 361
360 362
360 373
360 374
361 362
361 363
362 363
362 374
364 365
364 375
364 376
365 366
365 376
365 377
366 367
366 377
366 378
367 368
367 378
367 379
368 369
368 379
368 380
369 370
369 380
369 381
37 38
37 39
37 43
37 44
370 371
370 381
370 382
371 372
371 382
371 383
372 373
372 383
372 384
373 374
373 384
373 385
374 385
375 376
375 386
375 387
376 377
376 387
376 388
377 378
377 388
377 389
378 379
378 389
378 390
379 380
379 390
379 391
38 208
38 211
38 44
380 381
380 391
380 392
381 382
381 392
381 393
382 383
382 393
382 394
383 384
383 394
383 395
384 385
384 395
384 396
385 396
386 387
387 388
388 389
389 390
39 40
39 43
39 45
390 391
391 392
392 393
393 394
394 395
395 396
397 398
397 399
397 400
397 451
397 452
398 399
398 400
398 401
398 418
398 419
399 419
399 451
399 461
4 117
4 118
4 5
4 6
40 41
40 45
40 46
400 401
400 402
400 452
400 453
401 402
401 403
401 418
401 420
402 403
402 404
402 453
402 454
403 404
403 405
403 420
403 421
404 405
404 406
404 454
404 455
405 406
405 407
405 421
405 422
406 407
406 408
406 455
406 456
407 408
407 409
407 422
407 423
408 409
408 410
408 456
408 457
409 410
409 411
409 423
409 424
41 42
41 46
41 47
410 411
410 412
410 457
410 458
411 412
411 413
411 424
411 425
412 413
412 414
412 458
412 459
413 414
413 415
413 425
413 426
414 415
414 416
414 417
414 459
414 460
415 416
415 417
415 426
415 427
416 417
417 427
417 428
417 460
418 419
418 420
418 429
418 430
419 430
419 461
419 470
42 47
42 48
420 421
420 429
420 431
421 422
421 431
421 432
422 423
422 432
422 433
423 424
423 433
423 434
424 425
424 434
424 435
425 426
425 435
425 436
426 427
426 436
426 437
427 428
427 437
427 438
428 438
428 439
428 459
428 460
428 469
429 430
429 431
429 440
429 441
43 44
43 45
43 49
43 50
430 441
430 470
430 479
431 432
431 440
431 442
432 433
432 442
432 443
433 434
433 443
433 444
434 435
434 444
434 445
435 436
435 445
435 446
436 437
436 446
436 447
437 438
437 447
437 448
438 439
438 448
438 449
439 449
439 450
439 469
439 478
44 205
44 208
44 50
440 441
440 442
441 479
442 443
443 444
444 445
445 446
446 447
447 448
448 449
449 450
45 46
45 49
45 51
450 478
450 487
451 452
451 461
451 462
452 453
452 462
452 463
453 454
453 463
453 464
454 455
454 464
454 465
455 456
455 465
455 466
456 457
456 466
456 467
457 458
457 467
457 468
458 459
458 468
458 469
459 460
459 469
46 47
46 51
46 52
461 462
461 470
461 471
462 463
462 471
462 472
463 464
463 472
463 473
464 465
464 473
464 474
465 466
465 474
465 475
466 467
466 475
466 476
467 468
467 476
467 477
468 469
468 477
468 478
469 478
47 48
47 52
47 53
470 471
470 479
470 480
471 472
471 480
471 481
472 473
472 481
472 482
473 474
473 482
473 483
474 475
474 483
474 484
475 476
475 484
475 485
476 477
476 485
476 486
477 478
477 486
477 487
478 487
479 480
48 53
48 54
480 481
481 482
482 483
483 484
484 485
485 486
486 487
488 489
488 490
488 491
488 630
488 631
489 490
489 491
489 492
489 509
489 510
49 50
49 51
49 55
49 56
490 510
490 630
490 640
491 492
491 493
491 631
491 632
492 493
492 494
492 509
492 511
493 494
493 495
493 632
493 633
494 495
494 496
494 511
494 512
495 496
495 497
495 633
495 634
496 497
496 498
496 512
496 513
497 498
497 499
497 634
497 635
498 499
498 500
498 513
498 514
499 500
499 501
499 635
499 636
5 13
5 15
5 6
5 7
50 199
50 200
50 205
50 56
500 501
500 502
500 514
500 515
501 502
501 503
501 636
501 637
502 503
502 504
502 515
502 516
503 504
503 505
503 637
503 638
504 505
504 506
504 516
504 517
505 506
505 507
505 638
505 639
506 507
506 508
506 517
506 518
507 508
507 639
508 518
508 519
509 510
509 511
509 520
509 521
51 52
51 55
51 57
510 521
510 640
510 650
511 512
511 520
511 522
512 513
512 522
512 523
513 514
513 523
513 524
514 515
514 524
514 525
515 516
515 525
515 526
516 517
516 526
516 527
517 518
517 527
517 528
518 519
518 528
518 529
519 529
519 530
52 53
52 57
52 58
520 521
520 522
520 531
520 532
521 532
521 650
521 660
522 523
522 531
522 533
523 524
523 533
523 534
524 525
524 534
524 535
525 526
525 535
525 536
526 527
526 536
526 537
527 528
527 537
527 538
528 529
528 538
528 539
529 530
529 539
529 540
53 54
53 58
53 59
530 540
530 541
531 532
531 533
531 542
531 543
532 543
532 660
532 669
533 534
533 542
533 544
534 535
534 544
534 545
535 536
535 545
535 546
536 537
536 546
536 547
537 538
537 547
537 548
538 539
538 548
538 549
539 540
539 549
539 550
54 59
54 60
540 541
540 550
540 551
541 551
541 552
541 658
541 659
541 668
541 678
542 543
542 544
542 553
542 554
543 554
543 669
543 679
544 545
544 553
544 555
545 546
545 555
545 556
546 547
546 556
546 557
547 548
547 557
547 558
548 549
548 558
548 559
549 550
549 559
549 560
55 56
55 57
55 61
55 62
550 551
550 560
550 561
551 552
551 561
551 562
552 562
552 563
553 554
553 555
553 564
553 565
554 565
554 679
554 689
555 556
555 564
555 566
556 557
556 566
556 567
557 558
557 567
557 568
558 559
558 568
558 569
559 560
559 569
559 570
56 62
560 561
560 570
560 571
561 562
561 571
561 572
562 563
562 572
562 573
563 573
563 574
564 565
564 566
564 575
564 576
565 576
565 689
565 699
566 567
566 575
566 577
567 568
567 577
567 578
568 569
568 578
568 579
569 570
569 579
569 580
57 58
57 61
57 63
570 571
570 580
570 581
571 572
571 581
571 582
572 573
572 582
572 583
573 574
573 583
573 584
574 584
574 585
575 576
575 577
575 586
575 587
576 587
576 699
576 709
577 578
577 586
577 588
578 579
578 588
578 589
579 580
579 589
579 590
58 59
58 63
58 64
580 581
580 590
580 591
581 582
581 591
581 592
582 583
582 592
582 593
583 584
583 593
583 594
584 585
584 594
584 595
585 595
585 596
586 587
586 588
586 597
586 598
587 598
587 709
587 719
588 589
588 597
588 599
589 590
589 599
589 600
59 60
59 64
59 65
590 591
590 600
590 601
591 592
591 601
591 602
592 593
592 602
592 603
593 594
593 603
593 604
594 595
594 604
594 605
595 596
595 605
595 606
596 606
596 607
597 598
597 599
597 608
597 609
598 609
598 719
598 729
599 600
599 608
599 610
6 118
6 119
6 7
6 8
60 65
60 66
600 601
600 610
600 611
601 602
601 611
601 612
602 603
602 612
602 613
603 604
603 613
603 614
604 605
604 614
604 615
605 606
605 615
605 616
606 607
606 616
606 617
607 617
607 618
608 609
608 610
608 619
608 620
609 620
609 729
609 739
61 62
61 63
61 67
61 68
610 611
610 619
610 621
611 612
611 621
611 622
612 613
612 622
612 623
613 614
613 623
613 624
614 615
614 624
614 625
615 616
615 625
615 626
616 617
616 626
616 627
617 618
617 627
617 628
618 628
618 629
619 620
619 621
62 198
62 200
62 68
62 811
62 812
620 739
621 622
622 623
623 624
624 625
625 626
626 627
627 628
628 629
629 737
629 738
629 747
63 64
63 67
63 69
630 631
630 640
630 641
631 632
631 641
631 642
632 633
632 642
632 643
633 634
633 643
633 644
634 635
634 644
634 645
635 636
635 645
635 646
636 637
636 646
636 647
637 638
637 647
637 648
638 639
638 648
638 649
639 649
64 65
64 69
64 70
640 641
640 650
640 651
641 642
641 651
641 652
642 643
642 652
642 653
643 644
643 653
643 654
644 645
644 654
644 655
645 646
645 655
645 656
646 647
646 656
646 657
647 648
647 657
647 658
648 649
648 658
648 659
649 659
65 66
65 70
65 71
650 651
650 660
650 661
651 652
651 661
651 662
652 653
652 662
652 663
653 654
653 663
653 664
654 655
654 664
654 665
655 656
655 665
655 666
656 657
656 666
656 667
657 658
657 667
657 668
658 659
658 668
66 71
66 72
660 661
660 669
660 670
661 662
661 670
661 671
662 663
662 671
662 672
663 664
663 672
663 673
664 665
664 673
664 674
665 666
665 674
665 675
666 667
666 675
666 676
667 668
667 676
667 677
668 677
668 678
669 670
669 679
669 680
67 68
67 69
67 73
67 74
670 671
670 680
670 681
671 672
671 681
671 682
672 673
672 682
672 683
673 674
673 683
673 684
674 675
674 684
674 685
675 676
675 685
675 686
676 677
676 686
676 687
677 678
677 687
677 688
678 688
679 680
679 689
679 690
68 74
680 681
680 690
680 691
681 682
681 691
681 692
682 683
682 692
682 693
683 684
683 693
683 694
684 685
684 694
684 695
685 686
685 695
685 696
686 687
686 696
686 697
687 688
687 697
687 698
688 698
689 690
689 699
689 700
69 70
69 73
69 75
690 691
690 700
690 701
691 692
691 701
691 702
692 693
692 702
692 703
693 694
693 703
693 704
694 695
694 704
694 705
695 696
695 705
695 706
696 697
696 706
696 707
697 698
697 707
697 708
698 708
699 700
699 709
699 710
7 15
7 16
7 8
7 9
70 71
70 75
70 76
700 701
700 710
700 711
701 702
701 711
701 712
702 703
702 712
702 713
703 704
703 713
703 714
704 705
704 714
704 715
705 706
705 715
705 716
706 707
706 716
706 717
707 708
707 717
707 718
708 718
709 710
709 719
709 720
71 72
71 76
71 77
710 711
710 720
710 721
711 712
711 721
711 722
712 713
712 722
712 723
713 714
713 723
713 724
714 715
714 724
714 725
715 716
715 725
715 726
716 717
716 726
716 727
717 718
717 727
717 728
718 728
719 720
719 729
719 730
72 77
72 78
720 721
720 730
720 731
721 722
721 731
721 732
722 723
722 732
722 733
723 724
723 733
723 734
724 725
724 734
724 735
725 726
725 735
725 736
726 727
726 736
726 737
727 728
727 737
727 738
728 738
729 730
729 739
729 740
73 74
73 75
73 79
73 80
730 731
730 740
730 741
731 732
731 741
731 742
732 733
732 742
732 743
733 734
733 743
733 744
734 735
734 744
734 745
735 736
735 745
735 746
736 737
736 746
736 747
737 738
737 747
739 740
74 80
74 811
74 815
74 818
740 741
741 742
742 743
743 744
744 745
745 746
746 747
748 749
748 755
748 756
748 912
749 750
749 756
749 757
75 76
75 79
75 81
750 751
750 757
750 758
751 752
751 758
751 759
752 753
752 759
752 760
753 754
753 760
753 761
754 761
755 756
755 762
755 763
755 912
755 914
756 757
756 763
756 764
757 758
757 764
757 765
758 759
758 765
758 766
759 760
759 766
759 767
76 77
76 81
76 82
760 761
760 767
760 768
761 768
762 763
762 769
762 770
762 914
762 916
763 764
763 770
763 771
764 765
764 771
764 772
765 766
765 772
765 773
766 767
766 773
766 774
767 768
767 774
767 775
768 775
769 770
769 776
769 777
769 916
769 918
77 78
77 82
77 83
770 771
770 777
770 778
771 772
771 778
771 779
772 773
772 779
772 780
773 774
773 780
773 781
774 775
774 781
774 782
775 782
776 777
776 783
776 784
776 918
776 920
777 778
777 784
777 785
778 779
778 785
778 786
779 780
779 786
779 787
78 83
78 84
780 781
780 787
780 788
781 782
781 788
781 789
782 789
783 784
783 790
783 791
783 920
783 922
784 785
784 791
784 792
785 786
785 792
785 793
786 787
786 793
786 794
787 788
787 794
787 795
788 789
788 795
788 796
789 796
79 80
79 81
79 85
79 86
790 791
790 797
790 798
790 922
790 924
791 792
791 798
791 799
792 793
792 799
792 800
793 794
793 800
793 801
794 795
794 801
794 802
795 796
795 802
795 803
796 803
797 798
797 804
797 805
797 924
797 926
798 799
798 805
798 806
799 800
799 806
799 807
8 10
8 119
8 120
8 9
80 818
80 821
80 86
800 801
800 807
800 808
801 802
801 808
801 809
802 803
802 809
802 810
803 810
804 805
804 926
804 928
805 806
806 807
807 808
808 809
809 810
81 82
81 85
81 87
811 812
811 815
812 813
812 815
812 816
813 814
813 816
813 817
814 817
814 893
814 895
815 816
815 818
815 819
816 817
816 819
816 820
817 820
817 895
817 897
818 819
818 821
818 822
819 820
819 822
819 823
82 83
82 87
82 88
820 823
820 897
820 899
821 822
821 824
821 825
822 823
822 825
822 826
823 826
823 899
823 901
824 825
824 827
824 828
825 826
825 828
825 829
826 829
826 901
826 903
827 828
827 830
827 831
828 829
828 831
828 832
829 832
829 903
829 905
83 84
83 88
83 89
830 831
830 833
830 834
831 832
831 834
831 835
832 835
832 905
832 907
833 834
833 836
833 837
834 835
834 837
834 838
835 838
835 907
835 909
836 837
837 838
838 909
839 840
839 845
839 846
839 894
84 89
84 90
840 841
840 846
840 847
841 842
841 847
841 848
842 843
842 848
842 849
843 844
843 849
843 850
844 850
844 911
844 913
845 846
845 851
845 852
845 894
845 896
846 847
846 852
846 853
847 848
847 853
847 854
848 849
848 854
848 855
849 850
849 855
849 856
85 86
85 87
85 91
85 92
850 856
850 913
850 915
851 852
851 857
851 858
851 896
851 898
852 853
852 858
852 859
853 854
853 859
853 860
854 855
854 860
854 861
855 856
855 861
855 862
856 862
856 915
856 917
857 858
857 863
857 864
857 898
857 900
858 859
858 864
858 865
859 860
859 865
859 866
86 821
86 824
86 92
860 861
860 866
860 867
861 862
861 867
861 868
862 868
862 917
862 919
863 864
863 869
863 870
863 900
863 902
864 865
864 870
864 871
865 866
865 871
865 872
866 867
866 872
866 873
867 868
867 873
867 874
868 874
868 919
868 921
869 870
869 875
869 876
869 902
869 904
87 88
87 91
87 93
870 871
870 876
870 877
871 872
871 877
871 878
872 873
872 878
872 879
873 874
873 879
873 880
874 880
874 921
874 923
875 876
875 881
875 882
875 904
875 906
876 877
876 882
876 883
877 878
877 883
877 884
878 879
878 884
878 885
879 880
879 885
879 886
88 89
88 93
88 94
880 886
880 923
880 925
881 882
881 887
881 888
881 906
881 908
882 883
882 888
882 889
883 884
883 889
883 890
884 885
884 890
884 891
885 886
885 891
885 892
886 892
886 925
886 927
887 888
887 908
887 910
888 889
889 890
89 90
89 94
89 95
890 891
891 892
892 927
893 894
893 895
893 896
894 896
895 896
895 897
895 898
896 898
897 898
897 899
897 900
898 900
899 900
899 901
899 902
9 10
9 11
9 16
9 17
90 95
90 96
900 902
901 902
901 903
901 904
902 904
903 904
903 905
903 906
904 906
905 906
905 907
905 908
906 908
907 908
907 909
907 910
908 910
909 910
91 92
91 93
91 97
91 98
911 912
911 913
911 914
912 914
913 914
913 915
913 916
914 916
915 916
915 917
915 918
916 918
917 918
917 919
917 920
918 920
919 920
919 921
919 922
92 824
92 827
92 98
920 922
921 922
921 923
921 924
922 924
923 924
923 925
923 926
924 926
925 926
925 927
925 928
926 928
927 928
929 930
929 931
929 932
929 933
93 94
93 97
93 99
930 931
930 933
930 934
930 951
930 952
931 932
931 952
933 934
933 935
934 935
934 936
934 951
934 953
935 936
935 937
936 937
936 938
936 953
936 954
937 938
937 939
938 939
938 940
938 954
938 955
939 940
939 941
94 100
94 95
94 99
940 941
940 942
940 955
940 956
941 942
941 943
942 943
942 944
942 956
942 957
943 944
943 945
944 945
944 946
944 957
944 958
945 946
945 947
946 947
946 948
946 958
946 959
947 948
947 949
948 949
948 950
948 959
948 960
949 950
95 100
95 101
95 96
950 960
950 961
951 952
951 953
951 962
951 963
952 963
953 954
953 962
953 964
954 955
954 964
954 965
955 956
955 965
955 966
956 957
956 966
956 967
957 958
957 967
957 968
958 959
958 968
958 969
959 960
959 969
959 970
96 101
96 102
960 961
960 970
960 971
961 971
961 972
962 963
962 964
962 973
962 974
963 974
964 965
964 973
964 975
965 966
965 975
965 976
966 967
966 976
966 977
967 968
967 977
967 978
968 969
968 978
968 979
969 970
969 979
969 980
97 103
97 104
97 98
97 99
970 971
970 980
970 981
971 972
971 981
971 982
972 982
972 983
973 974
973 975
975 976
976 977
977 978
978 979
979 980
98 104
98 827
98 830
980 981
981 982
982 983
984 1005
984 1006
984 1038
984 985
984 986
985 1006
985 1007
985 986
985 987
986 1038
986 987
986 988
987 1007
987 1008
987 988
987 989
988 1038
988 1039
988 989
988 990
989 1008
989 1009
989 990
989 991
99 100
99 103
99 105
990 1039
990 1040
990 991
990 992
991 1009
991 1010
991 992
991 993
992 1040
992 1041
992 993
992 994
993 1010
993 1011
993 994
993 995
994 1041
994 1042
994 995
994 996
995 1011
995 1012
995 996
995 997
996 1042
996 1043
996 997
996 998
997 1012
997 1013
997 998
997 999
998 1000
998 1043
998 1044
998 999
999 1000
999 1001
999 1013
999 1014
